0.762440293740367
0.629682552701796
0.600157130027322
0.591769939142761
0.589697979847531
0.589690050174945
0.591741406973213
0.600059188036368
0.629649843860164
0.762495789759297
0.73445670509447
0.728068681662552
0.726525814480754
0.726071148879431
0.726040253922394
0.726488928247559
0.728131366455975
0.734417116361957
0.763019926786528
0.591123370714894
0.582498109237351
0.580241156416009
0.579500760179103
0.579477462899705
0.580233607756412
0.582492234585566
0.590344756300551
0.628097203813436
0.561316721566978
0.552832262614044
0.550506435116087
0.549818020611789
0.54981229830901
0.550485406234295
0.552767066301494
0.560801659363202
0.598007774302962
0.553277653861802
0.543959304721912
0.541345897625849
0.540685185138972
0.540669573394826
0.541306372712561
0.543781589697447
0.552656268030764
0.589629141895985
0.550916995072908
0.541426639127293
0.538830685382778
0.537992845205304
0.537952933377714
0.53875730276792
0.54125786484307
0.550071342807246
0.588307005563983
0.550875655125074
0.541409721931668
0.538825561301672
0.537995236045026
0.537967413769915
0.538737243697934
0.541255459504293
0.550046885573881
0.589364089018369
0.553262544797213
0.543951038201657
0.541325069095203
0.540652692303156
0.540637230880775
0.541267511231362
0.543784582232764
0.55261884395288
0.591573975120462
0.561289231200872
0.552782874619165
0.550462907868109
0.549782814201761
0.549766078971437
0.550473174614107
0.552746931079697
0.560778868495324
0.598595930496325
0.591075420688893
0.582461816103448
0.580210668450192
0.579463639756281
0.579447135141461
0.580201944537411
0.58241757265503
0.590392905344224
0.62658886089709
0.73444892584999
0.728073945703474
0.726517650835571
0.726046038267787
0.726014559280386
0.726449702086172
0.728090526004658
0.734464112364708
0.761230674028872
