0.763912418202202
0.63270675330328
0.60559520801802
0.605543853173029
0.632627636121893
0.763935355558994
0.736237441832908
0.730442156534626
0.730446764969469
0.736231423722282
0.764009343782057
0.594782839645604
0.586995132511065
0.58696343820038
0.594744890955514
0.632763165481266
0.56788024365391
0.560537664903523
0.560529572362781
0.567985488456305
0.605629288956107
0.567974842779833
0.560515659144794
0.560514536293468
0.567976490623336
0.605616654800358
0.594778292796491
0.587014379699492
0.586986441747267
0.594729416363696
0.632712333106044
0.736210894706582
0.730446966799396
0.730447252725223
0.736213115406514
0.764017823156365
