0.763002076705303
0.630996397839142
0.601578130881119
0.59326620533254
0.593251903004153
0.601509304984045
0.630953160335097
0.763002410512045
0.735044936144648
0.728809239868235
0.727483604578886
0.727497843007901
0.728825753004974
0.73505729152413
0.763343444012817
0.59236894156935
0.583993092116011
0.582002915203827
0.581959577620034
0.583914459717519
0.592383454493206
0.631251335590014
0.562962115480618
0.554761431326755
0.552764189796331
0.552734814662545
0.554723507050509
0.562971124616521
0.601721639292803
0.555567881050747
0.546604924447771
0.544573971591439
0.544555037609173
0.546582798631107
0.555597867299963
0.593524102538721
0.555493408554688
0.546605088066361
0.544565231784046
0.544546950115417
0.546551902018311
0.555486539986733
0.593491140103279
0.562834395704799
0.554731043160359
0.552739281924093
0.552711295316847
0.554706046660577
0.562957785961562
0.601643487451675
0.592340530549492
0.583974360831945
0.581983189100725
0.5819372132587
0.583905142318635
0.592329769362031
0.631166151122024
0.735033105640301
0.728791955176702
0.727426335406821
0.727434710260211
0.728770240815133
0.734986868642875
0.763322159007801
